8175133   302.6   27016.3
3792621   468.7   8091.8
2695598   227.6   11843.6
2099451   599.6   3501.4
1526006   134.1   11379.6
1445632   516.7   2797.8
1327407   460.9   2880.0
1307402   325.2   4020.3
1197816   340.5   3517.8
945942   176.5   5359.4
821784   747.0   1100.1
820445   361.4   2270.2
805235   46.9  17169.2
790390   297.9   2653.2
787033   217.2   3623.5
741206   339.8   2181.3
731424   297.7   2456.9
713777   138.8   5142.5
649121   255.2   2543.6
646889   315.1   2053.0
620961   80.9  7675.7
617594   48.3  12786.6
608660   83.9  7254.6
601723   61.0  9864.3
601222   475.1   1265.5
600158   153.0   3922.6
597337   325.2   1836.8
594833   96.1  6189.7
583776   134.3   4346.8
583756   135.8   4298.6
579999   606.4   956.5
545852   187.7   2908.1
520116   226.7   2294.3
494665   112.0   4416.7
466488   97.9  4764.9
462257   50.3  9190.0
459787   315.0   1459.6
439041   136.5   3216.4
437994   249.0   1759.0
420003   133.2   3153.2
416427   194.5   2141.0
408958   127.1   3217.6
403892   142.9   2826.4
399457   35.9  11126.9
396815   77.7  5107.0
391906   196.8   1991.4
390724   55.8  7002.2
382578   54.0  7084.8
382368   159.3   2400.3
365438   95.9  3810.6
347483   142.2   2443.6
343829   169.4   2029.7
337256   60.5  5574.5
336265   49.8  6752.3
335709   113.4   2960.4
325078   154.7   2101.3
324528   27.3  11887.5
319294   61.9  5158.2
305704   55.4  5518.1
305215   160.6   1900.5
303871   81.1  3746.9
296943   77.9  3811.8
295803   283.6   1043.0
291826   1704.7   171.2
291707   61.7  4727.8
287208   80.7  3559.0
285068   52.0  5482.1
277140   24.2  11452.1
269666   126.5   2131.7
261310   40.4  6468.1
259841   71.6  3629.1
258379   89.1  2899.9
257729   107.7   2393.0
253691   110.6   2293.8
247597   14.8  16729.5
244769   61.7  3967.1
243916   49.6  4917.7
242803   54.1  4488.0
238300   102.4   2327.1
236123   64.4  3666.5
236091   88.9  2655.7
233209   76.8  3036.6
229617   132.4   1734.3
229573   122.4   1875.6
229493   76.9  2984.3
228330   107.4   2126.0
226876   57.1  3973.3
226721   60.0  3778.7
225221   103.0   2186.6
224669   21.5  10449.7
222209   340.8   652.0
217385   183.9   1182.1
216961   101.3   2141.8
216290   67.0  3228.2
214089   77.5  2762.4
212375   66.1  3212.9
212237   146.1   1452.7
210565   35.8  5881.7
209924   59.2  3546.0
208916   59.2  3529.0
208453   68.0  3065.5
207627   26.0  7985.7
205764   159.6   1289.2
205671   79.4  2590.3
204214   59.8  3414.9
203433   80.9  2514.6
201165   36.9  5451.6
200654   145.8   1376.2
199311   105.4   1891.0
199110   62.0  3211.5
198397   49.7  3991.9
197899   44.9  4407.6
197899   26.9  7356.8
196069   42.4  4624.3
195976   18.0  10887.6
195844   302.5   647.4
195111   139.1   1402.7
193524   119.2   1623.5
193365   51.3  3769.3
191719   30.5  6285.9
190695   99.5  1916.5
189992   26.7  7115.8
189885   216.4   877.5
188040   44.4  4235.1
186440   111.1   1678.1
181376   100.2   1810.1
181045   37.4  4840.8
180719   68.7  2630.6
180105   209.1   861.3
178874   98.5  1816.0
178042   18.4  9676.2
176320   52.7  3345.7
175396   72.1  2432.7
175023   132.3   1322.9
173514   111.0   1563.2
173372   74.8  2317.8
170883   17.9  9546.5
167815   41.3  4063.3
167674   137.2   1222.1
167086   41.2  4055.5
165521   34.8  4756.4
165269   39.9  4142.1
164603   114.0   1443.9
163924   49.9  3285.1
161791   46.5  3479.4
161719   39.9  4053.1
159498   81.7  1952.2
156633   94.3  1661.0
156185   43.7  3574.0
154750   33.1  4675.2
154637   47.9  3228.3
154305   105.7   1459.8
154065   174.4   883.4
153888   73.0  2108.1
153060   31.9  4798.1
153015   42.2  3625.9
152871   61.1  2502.0
152750   106.0   1441.0
152374   38.8  3927.2
150441   23.2  6484.5
149058   23.0  6480.8
149043   42.8  3482.3
147433   62.1  2374.1
146199   8.4   17404.6
145786   124.8   1168.2
145438   20.5  7094.5
145170   25.0  5806.8
144229   16.0  9014.3
144186   45.3  3182.9
143986   54.3  2651.7
143911   36.8  3910.6
142980   42.9  3332.9
141853   38.8  3656.0
141527   55.7  2540.9
140768   27.4  5137.5
140081   22.0  6367.3
139966   15.0  9331.1
139824   46.0  3039.7
137436   51.4  2673.9
137122   23.0  5961.8
136416   24.8  5500.6
136286   103.2   1320.6
135234   54.3  2490.5
135161   22.4  6034.0
134056   34.4  3897.0
132929   97.6  1362.0
131117   62.2  2108.0
129877   48.3  2689.0
129779   18.7  6940.1
129699   36.5  3553.4
129480   35.6  3637.1
129272   132.2   977.9
127921   53.6  2386.6
127473   60.2  2117.5
126683   55.0  2303.3
126326   70.8  1784.3
125872   59.7  2108.4
124969   12.3  10160.1
124805   89.0  1402.3
124775   17.4  7171.0
124442   36.2  3437.6
124354   61.3  2028.6
124237   41.5  2993.7
122643   37.6  3261.8
122363   32.0  3823.8
122067   30.5  4002.2
122041   29.5  4137.0
121096   23.8  5088.1
120623   49.2  2451.7
120083   109.0   1101.7
119097   36.3  3280.9
118788   36.2  3281.4
118772   34.8  3413.0
118296   82.8  1428.7
118032   17.5  6744.7
117517   105.7   1111.8
117429   44.2  2656.8
117063   106.8   1096.1
116989   61.8  1893.0
116830   77.6  1505.5
116468   18.4  6329.8
116250   59.5  1953.8
115942   30.7  3776.6
115903   73.2  1583.4
115452   116.4   991.9
115007   48.0  2396.0
114297   36.0  3174.9
113934   27.8  4098.3
113475   9.6   11820.3
113383   88.0  1288.4
112580   10.5  10721.9
112488   41.7  2697.6
111772   12.4  9013.9
111147   72.1  1541.6
110925   178.8   620.4
110366   28.5  3872.5
109960   15.7  7003.8
109673   9.1   12052.0
109565   33.1  3310.1
108755   55.3  1966.6
108500   63.1  1719.5
108188   37.2  2908.3
107685   25.6  4206.4
107167   18.2  5888.3
106769   54.6  1955.5
106595   53.6  1988.7
106519   13.6  7832.3
106476   51.5  2067.5
106433   35.1  3032.3
106433   21.7  4904.7
106114   31.6  3358.0
106098   16.0  6631.1
105594   23.2  4551.5
105549   48.8  2162.9
105549   9.7   10881.3
105328   37.7  2793.8
105321   37.4  2816.1
105162   6.4   16431.6
104553   72.1  1450.1
104371   53.8  1940.0
104170   43.4  2400.2
104057   45.5  2287.0
103712   32.5  3191.1
103701   30.1  3445.2
103466   33.6  3079.3
103340   17.3  5973.4
103190   65.7  1570.6
103019   33.4  3084.4
102434   33.4  3066.9
102372   28.3  3617.4
101786   19.1  5329.1
101168   41.5  2437.8
101123   7.7   13132.9
100377   28.7  3497.5
100097   30.2  3314.5